	tt	loss	loss_rec	entropy_marginal	entropy_mean	loss_affine
0	9	-0.123	0.062	2.638	2.635	0.002
1	19	-0.127	0.057	2.638	2.635	0.002
2	29	-0.131	0.054	2.638	2.635	0.002
3	39	-0.133	0.052	2.638	2.634	0.002
4	49	-0.136	0.049	2.638	2.632	0.002
5	59	-0.138	0.047	2.638	2.628	0.001
6	69	-0.14	0.045	2.638	2.619	0.001
7	79	-0.142	0.043	2.637	2.603	0.001
8	89	-0.144	0.042	2.636	2.584	0.001
9	99	-0.146	0.04	2.634	2.566	0.001
10	109	-0.148	0.038	2.632	2.546	0.001
11	119	-0.15	0.037	2.63	2.528	0.001
12	129	-0.151	0.036	2.628	2.51	0.001
13	139	-0.153	0.035	2.626	2.498	0.001
14	149	-0.154	0.034	2.625	2.485	0.001
15	159	-0.156	0.033	2.624	2.476	0.001
16	169	-0.157	0.032	2.623	2.466	0.001
17	179	-0.158	0.031	2.622	2.456	0.001
18	189	-0.159	0.03	2.621	2.45	0.001
19	199	-0.16	0.029	2.621	2.444	0.001
20	209	-0.161	0.028	2.619	2.433	0.001
21	219	-0.161	0.028	2.619	2.429	0.001
22	229	-0.162	0.027	2.619	2.422	0.001
23	239	-0.163	0.026	2.618	2.413	0.001
24	249	-0.164	0.026	2.618	2.405	0.001
25	259	-0.165	0.025	2.617	2.397	0.001
26	269	-0.165	0.025	2.617	2.39	0.001
27	279	-0.166	0.024	2.618	2.389	0.001
28	289	-0.167	0.024	2.617	2.377	0.001
29	299	-0.168	0.023	2.617	2.368	0.001
30	309	-0.168	0.023	2.617	2.357	0.001
31	319	-0.169	0.022	2.617	2.349	0.001
32	329	-0.17	0.022	2.618	2.341	0.001
33	339	-0.171	0.021	2.618	2.329	0.001
34	349	-0.171	0.021	2.618	2.312	0.001
35	359	-0.172	0.021	2.619	2.3	0.001
36	369	-0.173	0.02	2.62	2.281	0.002
37	379	-0.174	0.02	2.62	2.26	0.002
38	389	-0.175	0.02	2.62	2.233	0.002
39	399	-0.176	0.02	2.619	2.204	0.002
40	409	-0.177	0.019	2.619	2.171	0.002
41	419	-0.179	0.019	2.619	2.135	0.002
42	429	-0.18	0.019	2.617	2.095	0.002
43	439	-0.181	0.019	2.618	2.054	0.002
44	449	-0.183	0.018	2.617	2.008	0.003
45	459	-0.184	0.018	2.617	1.964	0.003
46	469	-0.186	0.018	2.617	1.916	0.003
47	479	-0.188	0.018	2.617	1.862	0.003
48	489	-0.19	0.018	2.617	1.813	0.004
49	499	-0.191	0.017	2.618	1.762	0.004
50	509	-0.193	0.017	2.618	1.714	0.004
51	519	-0.195	0.017	2.619	1.667	0.005
52	529	-0.196	0.017	2.619	1.621	0.005
53	539	-0.197	0.017	2.62	1.583	0.005
54	549	-0.199	0.017	2.62	1.543	0.005
55	559	-0.2	0.017	2.621	1.511	0.005
56	569	-0.201	0.016	2.621	1.482	0.006
57	579	-0.202	0.016	2.623	1.452	0.006
58	589	-0.203	0.016	2.624	1.427	0.006
59	599	-0.204	0.016	2.625	1.401	0.006
60	609	-0.205	0.016	2.626	1.378	0.007
61	619	-0.206	0.016	2.626	1.353	0.007
62	629	-0.207	0.016	2.627	1.333	0.007
63	639	-0.207	0.016	2.627	1.317	0.007
64	649	-0.208	0.016	2.627	1.294	0.007
65	659	-0.208	0.016	2.626	1.278	0.008
66	669	-0.209	0.015	2.627	1.26	0.008
67	679	-0.21	0.015	2.626	1.249	0.008
68	689	-0.21	0.015	2.626	1.237	0.008
69	699	-0.211	0.015	2.626	1.225	0.008
70	709	-0.211	0.015	2.626	1.21	0.008
71	719	-0.211	0.015	2.624	1.201	0.008
72	729	-0.212	0.015	2.625	1.193	0.008
73	739	-0.212	0.015	2.624	1.181	0.009
74	749	-0.212	0.015	2.624	1.175	0.009
75	759	-0.213	0.015	2.624	1.167	0.009
76	769	-0.213	0.014	2.624	1.16	0.009
77	779	-0.213	0.014	2.624	1.15	0.009
78	789	-0.213	0.014	2.624	1.144	0.009
79	799	-0.214	0.014	2.623	1.136	0.01
80	809	-0.214	0.014	2.623	1.131	0.009
81	819	-0.214	0.014	2.623	1.124	0.009
82	829	-0.214	0.014	2.622	1.116	0.01
83	839	-0.215	0.014	2.623	1.11	0.01
84	849	-0.215	0.014	2.623	1.103	0.01
85	859	-0.215	0.014	2.622	1.097	0.01
86	869	-0.215	0.014	2.622	1.088	0.01
87	879	-0.216	0.014	2.622	1.081	0.01
88	889	-0.216	0.014	2.622	1.075	0.01
89	899	-0.216	0.014	2.622	1.065	0.01
90	909	-0.216	0.014	2.622	1.058	0.01
91	919	-0.217	0.014	2.623	1.047	0.01
92	929	-0.217	0.014	2.621	1.037	0.01
93	939	-0.218	0.013	2.621	1.027	0.01
94	949	-0.218	0.013	2.62	1.017	0.01
95	959	-0.218	0.013	2.621	1.006	0.011
96	969	-0.219	0.013	2.621	0.997	0.011
97	979	-0.219	0.013	2.621	0.982	0.011
98	989	-0.219	0.013	2.62	0.969	0.011
99	999	-0.22	0.013	2.621	0.957	0.01
100	1009	-0.22	0.013	2.621	0.946	0.01
101	1019	-0.22	0.013	2.62	0.936	0.011
102	1029	-0.221	0.013	2.62	0.923	0.011
103	1039	-0.221	0.013	2.621	0.912	0.011
104	1049	-0.222	0.013	2.621	0.902	0.011
105	1059	-0.222	0.013	2.62	0.889	0.012
106	1069	-0.222	0.013	2.62	0.879	0.012
107	1079	-0.223	0.013	2.621	0.872	0.012
108	1089	-0.223	0.013	2.621	0.861	0.012
109	1099	-0.223	0.013	2.621	0.852	0.013
110	1109	-0.224	0.013	2.62	0.841	0.013
111	1119	-0.224	0.013	2.62	0.835	0.013
112	1129	-0.224	0.013	2.62	0.824	0.013
113	1139	-0.224	0.013	2.62	0.817	0.012
114	1149	-0.225	0.013	2.62	0.812	0.013
115	1159	-0.225	0.013	2.619	0.803	0.013
116	1169	-0.225	0.013	2.62	0.796	0.013
117	1179	-0.225	0.013	2.618	0.789	0.013
118	1189	-0.225	0.013	2.619	0.776	0.013
119	1199	-0.226	0.013	2.619	0.775	0.013
120	1209	-0.226	0.013	2.62	0.766	0.013
121	1219	-0.226	0.013	2.618	0.762	0.013
122	1229	-0.226	0.013	2.618	0.754	0.013
123	1239	-0.227	0.013	2.62	0.746	0.014
124	1249	-0.227	0.012	2.619	0.742	0.014
125	1259	-0.227	0.012	2.619	0.735	0.014
126	1269	-0.227	0.012	2.618	0.73	0.014
127	1279	-0.227	0.012	2.619	0.724	0.014
128	1289	-0.227	0.012	2.619	0.719	0.014
129	1299	-0.228	0.012	2.616	0.709	0.015
130	1309	-0.228	0.012	2.617	0.705	0.015
131	1319	-0.228	0.012	2.618	0.699	0.015
132	1329	-0.228	0.012	2.618	0.695	0.014
133	1339	-0.228	0.012	2.617	0.686	0.015
134	1349	-0.229	0.012	2.618	0.679	0.014
135	1359	-0.229	0.012	2.617	0.674	0.015
136	1369	-0.229	0.012	2.618	0.669	0.014
137	1379	-0.229	0.012	2.617	0.663	0.015
138	1389	-0.229	0.012	2.617	0.655	0.016
139	1399	-0.23	0.012	2.618	0.649	0.016
140	1409	-0.23	0.012	2.618	0.641	0.016
141	1419	-0.23	0.012	2.617	0.634	0.016
142	1429	-0.23	0.012	2.616	0.627	0.016
143	1439	-0.23	0.012	2.616	0.621	0.015
144	1449	-0.231	0.012	2.617	0.614	0.016
145	1459	-0.231	0.012	2.615	0.604	0.015
146	1469	-0.231	0.012	2.618	0.597	0.015
147	1479	-0.231	0.012	2.616	0.588	0.016
148	1489	-0.232	0.012	2.617	0.582	0.016
149	1499	-0.232	0.012	2.616	0.573	0.015
150	1509	-0.232	0.012	2.615	0.565	0.016
151	1519	-0.232	0.012	2.616	0.557	0.016
152	1529	-0.232	0.012	2.614	0.548	0.017
153	1539	-0.233	0.012	2.616	0.541	0.016
154	1549	-0.233	0.012	2.616	0.536	0.017
155	1559	-0.233	0.012	2.615	0.525	0.016
156	1569	-0.233	0.012	2.616	0.52	0.017
157	1579	-0.234	0.012	2.617	0.511	0.016
158	1589	-0.234	0.012	2.615	0.505	0.016
159	1599	-0.234	0.012	2.615	0.498	0.016
160	1609	-0.234	0.012	2.615	0.495	0.017
161	1619	-0.234	0.012	2.615	0.486	0.017
162	1629	-0.235	0.012	2.614	0.481	0.017
163	1639	-0.235	0.012	2.615	0.474	0.017
164	1649	-0.235	0.012	2.616	0.467	0.017
165	1659	-0.235	0.012	2.616	0.46	0.017
166	1669	-0.235	0.012	2.613	0.457	0.017
167	1679	-0.236	0.012	2.615	0.451	0.017
168	1689	-0.236	0.012	2.614	0.445	0.017
169	1699	-0.236	0.012	2.615	0.442	0.018
170	1709	-0.236	0.012	2.614	0.432	0.018
171	1719	-0.236	0.012	2.614	0.429	0.018
172	1729	-0.236	0.012	2.614	0.427	0.018
173	1739	-0.236	0.012	2.613	0.42	0.018
174	1749	-0.236	0.012	2.611	0.415	0.018
175	1759	-0.237	0.012	2.614	0.413	0.018
176	1769	-0.237	0.012	2.614	0.406	0.018
177	1779	-0.237	0.012	2.611	0.401	0.019
178	1789	-0.237	0.012	2.614	0.396	0.018
179	1799	-0.237	0.012	2.614	0.396	0.018
180	1809	-0.237	0.012	2.612	0.39	0.018
181	1819	-0.237	0.012	2.611	0.388	0.019
182	1829	-0.238	0.012	2.614	0.381	0.018
183	1839	-0.238	0.012	2.611	0.377	0.019
184	1849	-0.238	0.012	2.612	0.375	0.018
185	1859	-0.238	0.012	2.612	0.37	0.02
186	1869	-0.238	0.012	2.61	0.365	0.019
187	1879	-0.238	0.012	2.611	0.361	0.019
188	1889	-0.238	0.012	2.611	0.358	0.019
189	1899	-0.238	0.012	2.611	0.352	0.019
190	1909	-0.238	0.012	2.609	0.35	0.02
191	1919	-0.239	0.012	2.612	0.346	0.019
192	1929	-0.238	0.012	2.61	0.344	0.019
193	1939	-0.239	0.012	2.611	0.339	0.019
194	1949	-0.239	0.012	2.612	0.335	0.019
195	1959	-0.239	0.012	2.61	0.33	0.02
196	1969	-0.239	0.012	2.611	0.33	0.019
197	1979	-0.239	0.012	2.612	0.325	0.02
198	1989	-0.239	0.012	2.611	0.32	0.02
199	1999	-0.239	0.012	2.61	0.318	0.02
200	2009	-0.24	0.011	2.61	0.314	0.02
201	2019	-0.24	0.012	2.61	0.308	0.02
202	2029	-0.24	0.011	2.61	0.307	0.021
203	2039	-0.24	0.012	2.609	0.299	0.02
204	2049	-0.24	0.011	2.61	0.298	0.02
205	2059	-0.24	0.011	2.611	0.292	0.02
206	2069	-0.24	0.011	2.611	0.29	0.02
207	2079	-0.24	0.011	2.61	0.289	0.02
208	2089	-0.24	0.011	2.609	0.284	0.02
209	2099	-0.24	0.011	2.61	0.282	0.02
210	2109	-0.241	0.011	2.611	0.281	0.02
211	2119	-0.241	0.011	2.61	0.275	0.02
212	2129	-0.241	0.011	2.61	0.276	0.02
213	2139	-0.241	0.011	2.609	0.27	0.02
214	2149	-0.241	0.011	2.609	0.27	0.021
215	2159	-0.241	0.011	2.61	0.268	0.021
216	2169	-0.241	0.011	2.608	0.265	0.021
217	2179	-0.241	0.011	2.608	0.259	0.021
218	2189	-0.241	0.011	2.609	0.26	0.02
219	2199	-0.241	0.011	2.609	0.258	0.02
220	2209	-0.241	0.011	2.608	0.256	0.02
221	2219	-0.242	0.011	2.611	0.249	0.02
222	2229	-0.241	0.011	2.61	0.251	0.021
223	2239	-0.241	0.011	2.608	0.25	0.022
224	2249	-0.241	0.011	2.607	0.248	0.021
225	2259	-0.241	0.011	2.607	0.245	0.021
226	2269	-0.242	0.011	2.609	0.24	0.022
227	2279	-0.242	0.011	2.607	0.241	0.021
228	2289	-0.242	0.011	2.609	0.238	0.021
229	2299	-0.242	0.011	2.61	0.237	0.021
230	2309	-0.242	0.011	2.608	0.237	0.022
231	2319	-0.242	0.011	2.606	0.235	0.022
232	2329	-0.242	0.011	2.61	0.234	0.022
233	2339	-0.242	0.011	2.608	0.232	0.022
234	2349	-0.242	0.011	2.608	0.227	0.021
235	2359	-0.242	0.011	2.609	0.227	0.022
236	2369	-0.242	0.011	2.607	0.228	0.022
237	2379	-0.242	0.011	2.608	0.226	0.022
238	2389	-0.242	0.011	2.609	0.224	0.022
239	2399	-0.243	0.011	2.608	0.219	0.021
240	2409	-0.243	0.011	2.608	0.218	0.022
241	2419	-0.242	0.011	2.606	0.219	0.022
242	2429	-0.243	0.011	2.608	0.215	0.022
243	2439	-0.243	0.011	2.608	0.214	0.022
244	2449	-0.243	0.011	2.609	0.215	0.022
245	2459	-0.243	0.011	2.607	0.214	0.022
246	2469	-0.243	0.011	2.609	0.213	0.022
247	2479	-0.243	0.011	2.609	0.212	0.022
248	2489	-0.243	0.011	2.607	0.21	0.023
249	2499	-0.243	0.011	2.609	0.208	0.022
250	2509	-0.243	0.011	2.607	0.209	0.022
251	2519	-0.243	0.011	2.608	0.207	0.023
252	2529	-0.243	0.011	2.608	0.207	0.023
253	2539	-0.243	0.011	2.607	0.205	0.022
254	2549	-0.243	0.011	2.607	0.203	0.023
255	2559	-0.243	0.011	2.608	0.199	0.022
256	2569	-0.243	0.011	2.608	0.2	0.023
257	2579	-0.243	0.011	2.606	0.201	0.023
258	2589	-0.243	0.011	2.607	0.198	0.023
259	2599	-0.243	0.011	2.608	0.199	0.024
260	2609	-0.244	0.011	2.609	0.194	0.023
261	2619	-0.243	0.011	2.606	0.196	0.023
262	2629	-0.243	0.011	2.606	0.194	0.023
263	2639	-0.244	0.011	2.61	0.196	0.024
264	2649	-0.243	0.011	2.607	0.19	0.023
265	2659	-0.243	0.011	2.605	0.192	0.023
266	2669	-0.244	0.011	2.608	0.188	0.023
267	2679	-0.243	0.011	2.607	0.193	0.024
268	2689	-0.244	0.011	2.607	0.19	0.024
269	2699	-0.244	0.011	2.609	0.19	0.023
270	2709	-0.244	0.011	2.606	0.184	0.023
271	2719	-0.244	0.011	2.608	0.185	0.024
272	2729	-0.244	0.011	2.608	0.187	0.024
273	2739	-0.243	0.011	2.604	0.184	0.023
274	2749	-0.244	0.011	2.609	0.181	0.023
275	2759	-0.244	0.011	2.608	0.183	0.024
276	2769	-0.244	0.011	2.608	0.18	0.022
277	2779	-0.244	0.011	2.606	0.18	0.023
278	2789	-0.244	0.011	2.607	0.181	0.023
279	2799	-0.244	0.011	2.605	0.176	0.023
280	2809	-0.244	0.011	2.608	0.178	0.024
281	2819	-0.244	0.011	2.607	0.177	0.023
282	2829	-0.244	0.011	2.605	0.18	0.024
283	2839	-0.244	0.011	2.606	0.177	0.024
284	2849	-0.244	0.011	2.606	0.174	0.023
285	2859	-0.244	0.011	2.607	0.175	0.024
286	2869	-0.244	0.011	2.608	0.173	0.023
287	2879	-0.244	0.011	2.606	0.172	0.023
288	2889	-0.244	0.011	2.608	0.172	0.023
289	2899	-0.244	0.011	2.608	0.17	0.024
290	2909	-0.244	0.011	2.608	0.173	0.024
291	2919	-0.244	0.011	2.607	0.172	0.024
292	2929	-0.244	0.011	2.606	0.171	0.025
293	2939	-0.244	0.011	2.607	0.168	0.025
294	2949	-0.244	0.011	2.608	0.169	0.025
295	2959	-0.244	0.011	2.607	0.171	0.024
296	2969	-0.244	0.011	2.608	0.167	0.023
297	2979	-0.244	0.011	2.605	0.163	0.024
298	2989	-0.245	0.011	2.609	0.167	0.025
299	2999	-0.245	0.011	2.607	0.164	0.023